2005 134  0   4.3  -2.0   2.6   2.3  197171.   1.5  525. 0.029  0.77   1.10   -20
2005 134  1   4.6  -2.3   3.4   1.4  174677.   1.7  526. 0.023  0.86   1.01   -18
2005 134  2   4.8  -2.5   3.0   1.3  180208.   1.8  524. 0.030  0.92   1.00   -16
2005 134  3   4.9  -1.9   2.0   1.8  181690.   1.9  527. 0.031  0.99   1.02   -17
2005 134  4   5.3  -0.8   3.3   3.4  147669.   1.8  544. 0.020  0.96   0.74   -17
2005 134  5   5.6  -2.5   4.8   0.4  153284.   2.1  522. 9.999  1.14   0.78   -17
2005 134  6   5.5  -2.7   4.7  -0.0  167488.   2.4  523. 9.999  1.31   0.98   -18
2005 134  7   5.7  -2.2   5.0  -0.3  151910.   2.7  538. 0.014  1.38   0.97   -18
2005 134  8   5.7  -2.3   4.9  -1.2  146211.   2.6  537. 0.009  1.30   0.91   -16
2005 134  9   4.6  -2.9   3.3  -1.2  163700.   3.3  526. 0.018  1.63   1.89   -16
2005 134 10   5.0  -3.9   2.8   0.2  209104.   2.4  487. 0.030  1.06   1.35   -20
2005 134 11   5.3  -3.3   3.4  -1.9  207918.   2.7  493. 0.019  1.18   1.34   -19
2005 134 12   4.6  -2.3   2.9  -0.4  124327.   2.2  472. 0.020  0.88   1.09   -19
2005 134 13   4.9  -2.4   3.7  -0.9   91614.   2.5  465. 0.019  0.97   0.95   -19
2005 134 14   5.4  -3.3  -1.2   3.8   83539.   2.5  449. 0.028  0.94   0.76   -20
2005 134 15   5.2  -4.6   0.7   1.3  113628.   2.8  433. 0.030  0.98   1.04   -21
2005 134 16   4.8  -3.2  -0.6  -0.4  108644.   3.4  448. 0.018  1.22   1.45   -21
2005 134 17   4.9  -4.4  -0.4  -0.3   75714.   3.7  427. 0.022  1.23   1.31   -20
2005 134 18   5.5  -4.7   1.8  -2.0   50947.   3.2  421. 0.020  1.02   0.79   -23
2005 134 19   5.5  -3.6   2.6  -3.0   51860.   2.9  422. 0.016  0.92   0.72   -28
2005 134 20   5.2  -3.7   1.4  -3.3   47120.   2.8  412. 0.016  0.84   0.76   -26
2005 134 21   5.1  -3.5   1.4  -3.1   50895.   2.8  409. 0.020  0.84   0.80   -19
2005 134 22   4.6  -3.8  -1.8   0.8  100355.   2.2  413. 0.028  0.70   0.99   -14
2005 134 23   4.8  -4.3   0.8  -1.3  112560.   2.2  411. 0.029  0.69   0.96   -11
2005 135  0   4.8  -4.4   0.7  -0.3   89808.   2.7  410. 0.035  0.86   1.06   -14
2005 135  1   5.7  -3.4   2.4  -2.8   99048.   3.4  442. 0.025  1.22   0.99   -12
2005 135  2   8.6  -2.9   3.9   1.4  165044.   6.7  499. 0.021  3.02   1.11    11
2005 135  3  19.5  -3.8   4.6   5.2 1286136.  21.2  818. 0.034 26.91   3.28    52
2005 135  4  15.3   8.4   2.0   3.3 1291529.  18.5  837. 0.014 22.86   4.67    42
2005 135  5  22.4  -2.0  11.4   8.1 1330815.  18.9  850. 0.020 24.63   2.29    37
2005 135  6  51.1 -22.9  21.7 -36.5  509906.  18.7  925. 0.082 35.48   0.19   -58
2005 135  7  54.3 -32.8  33.3 -27.1  232929.  10.7  907. 0.030 16.46   0.05  -229
2005 135  8  54.8 -39.7  33.9 -10.4  288416.   8.1  885. 0.132 16.19   0.05  -247
2005 135  9  54.7 -40.0  34.5  13.4  101322.   1.9  987. 9.999  3.70   0.01  -222
2005 135 10  52.2 -35.1  30.4  21.9   77022.   3.0  949. 0.030  5.05   0.01  -184
2005 135 11  50.1 -40.4  25.5  14.6   55354.   3.7  966. 9.999  6.91   0.01  -175
2005 135 12  48.5 -40.1  19.0  19.3   50573.   2.5  932. 9.999  4.34   0.01  -162
2005 135 13  46.3 -39.5  12.6  19.9   54704.   2.8  926. 0.107  5.73   0.01  -157
2005 135 14  44.2 -40.8   6.7  15.7   46955.   3.3  935. 9.999  5.77   0.01  -146
2005 135 15  42.1 -38.3   3.7  16.9   50131.   2.9  909. 0.102  5.63   0.01  -135
2005 135 16  39.4 -36.2   2.7  15.1   44021.   4.5  895. 0.104  8.52   0.02  -118
2005 135 17  36.1 -33.9  -6.7   8.9   31250.   6.6  861. 0.121 12.13   0.03  -100
2005 135 18  32.5 -29.1 -13.9   3.2   23418.   5.7  827. 0.112  9.43   0.03  -105
2005 135 19  29.4 -23.8 -16.8   2.1   27489.   4.1  799. 0.107  6.24   0.03  -115
2005 135 20  26.1 -21.0 -15.2   0.1   54390.   1.6  800. 0.083  2.28   0.02  -120
2005 135 21  23.6 -19.3 -13.1  -1.8   58303.   1.2  813. 0.079  1.74   0.02  -108
2005 135 22  21.1 -14.7 -14.3  -3.4   43650.   2.6  769. 0.083  3.42   0.04   -94
2005 135 23  19.9 -13.5 -13.9  -4.1   61626.   0.3  762. 0.095  0.40   0.01  -102
2005 136  0  18.2 -12.6 -11.8  -5.5   67213.   0.4  751. 0.107  0.54   0.01   -99
2005 136  1  16.6 -12.2  -8.4  -7.4  149822.   0.3  737. 0.118  0.40   0.01  -101
2005 136  2  15.0 -10.1  -9.4  -5.7   51723.   0.6  705. 0.104  0.71   0.02   -99
2005 136  3  14.1 -10.5  -6.6  -6.0   35971.   0.7  705. 0.117  0.85   0.02   -99
2005 136  4  13.3  -9.8  -7.3  -5.1   35103.   0.7  705. 0.097  0.81   0.03   -97
2005 136  5  12.2  -4.2  -3.1 -10.3   26751.   1.2  705. 0.097  1.38   0.05   -91
2005 136  6  11.3  -5.3  -4.1  -8.5   22403.   1.6  686. 0.131  1.92   0.08   -97
2005 136  7  10.9  -8.6  -6.2  -1.8   18061.   1.3  671. 0.081  1.29   0.07   -87
2005 136  8   9.9  -8.5  -4.8  -1.3   17530.   1.3  669. 0.071  1.25   0.08   -87
2005 136  9   8.8  -7.7  -3.9  -1.4   17137.   1.7  667. 0.085  1.69   0.13   -88
2005 136 10   8.9  -7.9  -4.0  -0.3   20038.   0.8  658. 0.073  0.75   0.06   -86
2005 136 11   8.8  -8.0  -3.3  -1.1   18927.   1.0  653. 0.075  0.93   0.08   -88
2005 136 12   8.5  -7.6  -3.4  -1.6   20886.   0.7  646. 0.066  0.62   0.06   -85
2005 136 13   8.0  -7.2  -2.7  -2.1   22790.   0.6  636. 0.055  0.49   0.06   -83
2005 136 14   7.8  -5.3  -3.9  -3.3   27727.   0.6  596. 0.064  0.45   0.06   -81
2005 136 15   7.9  -4.5  -3.7  -4.5   38172.   0.8  580. 0.068  0.57   0.09   -82
2005 136 16   7.9  -7.2  -1.2  -2.8   19234.   0.6  593. 0.043  0.41   0.06   -78
2005 136 17   8.3  -7.9  -1.6  -2.0   20378.   0.7  583. 0.040  0.46   0.06   -74
2005 136 18   8.6  -8.1  -2.2  -2.0   18292.   0.6  579. 0.044  0.40   0.05   -70
2005 136 19   8.5  -7.9  -2.0  -2.2   17962.   0.6  572. 0.045  0.39   0.05   -71
2005 136 20   8.3  -7.7  -0.4  -2.8   18349.   0.5  561. 0.043  0.31   0.04   -74
2005 136 21   7.8  -7.4  -0.8  -2.6   17674.   0.5  560. 0.041  0.30   0.05   -77
2005 136 22   7.8  -7.3  -1.0  -2.6   18129.   0.5  555. 0.042  0.30   0.05   -76
2005 136 23   7.7  -7.2  -1.4  -2.4   16360.   0.6  549. 0.041  0.35   0.06   -71
2005 137  0   7.7  -4.8  -5.3  -2.6   21255.   0.5  619. 0.038  0.37   0.05   -66
2005 137  1   7.6  -5.5  -3.6  -3.7   20840.   0.5  588. 0.029  0.32   0.05   -65
2005 137  2   7.2  -5.7  -3.0  -3.2   35059.   0.4  574. 0.032  0.25   0.05   -67
2005 137  3   7.0  -6.0  -2.3  -2.6   49426.   0.4  573. 0.033  0.25   0.06   -68
2005 137  4   6.9  -6.3  -0.7  -2.5   48180.   0.3  551. 0.035  0.17   0.05   -74
2005 137  5   6.7  -5.8  -0.8  -3.2   41741.   0.3  544. 0.037  0.17   0.05   -80
2005 137  6   6.3  -5.3  -0.9  -3.3   35988.   0.3  541. 0.034  0.17   0.05   -76
2005 137  7   5.9  -5.1  -0.5  -2.8   37031.   0.3  527. 0.029  0.16   0.06   -72
2005 137  8   5.5  -5.0  -0.1  -2.1   46870.   0.3  508. 0.030  0.14   0.07   -69
2005 137  9   5.3  -5.1  -0.2  -1.5   33167.   0.3  488. 0.026  0.13   0.07   -65
2005 137 10   5.6  -5.1  -0.3  -1.8   33956.   0.4  490. 0.035  0.18   0.09   -64
2005 137 11   6.0  -4.7   1.0  -3.3   37980.   0.5  511. 0.033  0.25   0.10   -63
2005 137 12   6.2  -3.9   2.9  -3.5   33709.   0.5  532. 0.041  0.28   0.09   -65
2005 137 13   6.9  -4.8   4.0  -2.8   55162.   0.5  511. 0.058  0.27   0.08   -66
2005 137 14   6.7  -3.6   5.1  -2.2   90561.   0.4  533. 0.080  0.25   0.08   -64
2005 137 15   6.9  -4.4   5.0  -1.6   68205.   0.5  516. 0.080  0.29   0.09   -59
2005 137 16   8.0  -4.5   3.2  -5.4   54103.   0.7  532. 0.086  0.44   0.08   -63
2005 137 17   7.3  -5.7   2.6  -3.1   50891.   0.6  489. 0.091  0.33   0.08   -69
2005 137 18   6.5  -6.4   0.8  -0.4   43941.   0.5  453. 0.083  0.23   0.08   -72
2005 137 19   6.6  -6.1   1.6  -1.5   49352.   0.5  453. 0.087  0.23   0.08   -70
2005 137 20   6.3  -5.3   2.1  -2.5   62980.   0.5  467. 0.102  0.26   0.10   -64
2005 137 21   6.3  -5.2   0.7  -2.8   63946.   0.5  472. 0.100  0.26   0.10   -63
2005 137 22   6.6  -5.1   3.4  -1.8   64220.   0.5  474. 0.109  0.27   0.09   -61
2005 137 23   6.7  -5.7   3.0  -1.3   65983.   0.5  456. 0.119  0.26   0.09   -58
2005 138  0   6.6  -5.6   2.1  -2.4   71522.   0.5  454. 0.129  0.26   0.10   -59
2005 138  1   6.5  -5.1   2.7  -2.8   63209.   0.5  463. 0.123  0.27   0.09   -63
2005 138  2   6.5  -4.5   4.2  -2.0   84262.   0.4  467. 0.129  0.22   0.08   -64
2005 138  3   6.6  -3.3   5.2  -1.9   95196.   0.4  492. 0.093  0.22   0.09   -64
2005 138  4   6.8  -2.4   6.0  -1.9  109365.   0.4  514. 0.055  0.22   0.09   -62
2005 138  5   6.8  -2.1   6.1  -1.9  112953.   0.5  523. 0.040  0.26   0.11   -59
2005 138  6   6.9  -3.5   5.5  -2.0  104143.   0.6  485. 0.037  0.27   0.12   -55
2005 138  7   7.0  -3.0   5.2  -3.2   91352.   0.7  504. 0.030  0.33   0.13   -53
2005 138  8   7.4  -2.5   6.5  -1.6   64862.   0.8  514. 0.035  0.40   0.12   -53
2005 138  9   7.7  -1.7   7.2  -1.3   45850.   1.3  538. 0.014  0.66   0.16   -49
2005 138 10   7.7  -2.2   7.1  -2.0   38373.   1.3  539. 0.019  0.68   0.15   -49
2005 138 11   7.8  -1.2   6.7  -3.2   22304.   1.8  543. 0.044  1.04   0.19   -49
2005 138 12   8.4   0.7   7.5  -3.4   22920.   1.7  554. 0.060  1.08   0.15   -50
2005 138 13   8.2  -0.3   7.9  -2.2   21828.   1.7  540. 0.057  1.02   0.16   -49
2005 138 14   8.2   0.2   7.9  -1.6   18937.   2.3  524. 0.051  1.27   0.21   -48
2005 138 15   7.9  -1.4   7.6   0.1   19411.   1.7  495. 0.045  0.82   0.17   -46
2005 138 16   7.5  -2.5   6.6   2.0   24849.   1.1  463. 0.039  0.46   0.12   -49
2005 138 17   6.8  -2.1   6.0   2.4   37417.   1.2  458. 0.040  0.49   0.18   -48
2005 138 18   6.8  -1.7   6.0   2.7   70158.   0.7  474. 0.033  0.30   0.13   -49
2005 138 19   7.4  -1.2   6.2   3.8   68545.   0.5  492. 0.041  0.24   0.07   -49
2005 138 20   8.0  -0.8   6.1   5.0   82561.   0.4  508. 0.074  0.22   0.05   -49
2005 138 21   8.1   0.1   5.1   6.0   85460.   0.4  531. 0.079  0.25   0.05   -45
2005 138 22   8.2  -0.4   5.6   5.5  125592.   0.3  523. 0.093  0.19   0.05   -41
2005 138 23   8.3  -1.0   2.4   7.6  155346.   0.4  516. 0.080  0.23   0.07   -39
2005 139  0   7.5  -2.5   4.7   3.3  212592.   0.4  471. 0.112  0.21   0.10   -39
2005 139  1   8.0   1.3   4.7   5.9  160607.   0.3  557. 0.042  0.18   0.06   -40
2005 139  2   8.0  -0.8   4.1   6.0  167284.   0.9  535. 0.040  0.50   0.17   -36
2005 139  3   7.6  -3.2   5.1   3.6  121460.   1.8  514. 0.039  0.92   0.32   -32
2005 139  4   6.3  -4.9   2.4  -2.2  100108.   3.2  532. 0.051  1.82   0.77   -26
2005 139  5   5.9  -5.2   1.9  -1.2   80964.   3.0  530. 0.071  1.81   0.75   -29
2005 139  6   5.8  -4.5   2.0  -2.7   84635.   2.8  532. 0.057  1.63   0.74   -31
2005 139  7   5.6  -4.8   0.6  -2.3   60434.   2.7  526. 0.046  1.48   0.68   -30
2005 139  8   5.1  -4.4  -0.0  -2.2   61104.   2.7  521. 0.047  1.45   0.82   -32
2005 139  9   4.7  -3.9   0.5  -2.1   50195.   1.8  507. 0.044  0.91   0.61   -34
2005 139 10   4.4  -3.8   1.9  -0.7   39773.   1.7  492. 0.034  0.78   0.61   -39
2005 139 11   4.2  -3.3   1.8  -1.7   36987.   1.9  474. 0.017  0.76   0.74   -43
2005 139 12   4.0  -2.9   2.4  -1.3   34247.   2.3  467. 0.014  0.88   0.97   -37
2005 139 13   3.7  -2.1   2.6   0.8   38903.   2.7  473. 0.018  1.08   1.37   -28
2005 139 14   3.6  -2.8   1.8  -0.6   38341.   2.8  463. 0.018  1.07   1.50   -25
2005 139 15   3.5  -3.0   0.9  -1.3   31155.   2.7  450. 0.014  0.96   1.46   -26
2005 139 16   3.2  -2.8   1.2  -0.6   42105.   2.8  442. 0.020  0.99   1.94   -30
2005 139 17   3.4  -2.4   1.1   1.2   42930.   3.0  442. 0.017  1.05   1.85   -31
2005 139 18   3.8  -1.7   2.5   1.6   33097.   2.8  448. 0.020  1.01   1.30   -31
2005 139 19   3.9   0.5   2.0   2.3   28809.   3.0  464. 0.023  1.18   1.29   -29
2005 139 20   3.1   0.2   0.7   1.0   57295.   5.5  462. 0.019  2.11   4.42   -21
2005 139 21   1.2  -0.7  -0.0  -0.4   41580.  10.9  460. 0.023  4.21  53.51   -16
2005 139 22   2.4  -0.7  -0.3   1.7   52620.  10.0  460. 0.019  3.80  13.07   -10
2005 139 23   4.0  -2.1  -1.5   1.8   56866.   8.6  455. 0.014  3.14   4.14   -11
